0.8504090832447593 0.39151383162165276 0.12549287889490623 0.7154928522713293 0.5380462042319433 0.8824389776630739
0.17990152382006952 0.2522188342471039 0.6722063492841772 0.9982087131537709 0.628308509799701 0.13392816522757267
0.0066992974665507354 0.20347403081949045 0.7400040048888654 0.7489201262509426 0.7399870969941243 0.17112814990813152
0.9689251328032211 0.19651819884160604 0.10965275401029373 0.4322678874329763 0.7400043140868354 0.6672593578771178
0.6084659358996174 0.4058639618501628 0.4128105625822649 0.9112117310091619 0.9728349491323212 0.24652475533667106
0.7402331590091911 0.2331817483274352 0.9454254916396461 0.5054950920524703 0.6625675907381668 0.03962768010026363
0.4222136293246347 0.7281360981299829 0.5463436247129791 0.5198936073205853 0.7991717784264726 0.9039310218377025
0.2976871249809404 0.9438921778158922 0.9908895008448362 0.8725260304800957 0.7160969637844 0.4326491837744235
0.924346662787291 0.38372084109635085 0.03652310569309625 0.9335028730985504 0.7686473082351305 0.7479754573347175
0.2438019731721216 0.8389013933859547 0.8491090135965167 0.017718088067716797 0.9325488042092906 0.7054377373471616
0.8751200929017838 0.13408600829620543 0.5509057025719507 0.14706317284327775 0.6578117526757294 0.9087340301645669
0.3374581840999267 0.69119138585267 0.12170759324002323 0.671294393037571 0.8584438530824847 0.3117730613225397
0.882716703209384 0.18797397698475493 0.9402042798547405 0.8060966786567301 0.7281159294601773 0.2552071947297119
0.20088257910712082 0.6179280704527955 0.5120191944188563 0.7904822447666805 0.5843322683361611 0.7228780860667612
0.8410046470274615 0.47084585268842205 0.9510830148686122 0.3929816735953371 0.4261692810950254 0.8510841484812534
0.7265034265806122 0.7005670566413639 0.8310570581789919 0.9078979401562001 0.04127015386407251 0.8152359940350983
0.8739850460201253 0.8006896552599265 0.5943462807275642 0.4703358739177208 0.2980650247182759 0.7556301384948776
0.6226402599421128 0.3202071312093592 0.9882222257078528 0.2854345699415528 0.8184549037687581 0.04509770097606647
0.8616209945332346 0.2895786086797949 0.5617440985805302 0.7439654836260512 0.47675677910669323 0.21218572975060424
0.2669405531482195 0.3179864772096388 0.9962070374010464 0.5537760533449168 0.9189007260202677 0.22075248204976006
0.5814317107761653 0.5836268985749743 0.7103373162291685 0.21356548010251108 0.7056364150700987 0.16383595480045365
0.030609507734969843 0.3354511762815544 0.7037769835036363 0.66830796695777 0.10920210717755796 0.319830414381142
0.17801024814604982 0.1853349142239974 0.6008545853746798 0.24530798776226193 0.645575879134245 0.9215692318670027
0.18665175564262637 0.6236809743537761 0.02669016243001321 0.19277109775662982 0.6669109724364071 0.0037565560437143874
0.9199825488650861 0.377303470527363 0.44211216796039476 0.3955304025942573 0.11474788780995582 0.983370669780809
0.15975319047649594 0.09021305841512495 0.061311556547786084 0.4751749112670376 0.4191575443987562 0.4150169422976593
0.3888840558011851 0.311474728681021 0.3157017411357159 0.9474192010717957 0.6722004947540721 0.378024885826047
0.784027385993774 0.7807470023730114 0.6571176295233851 0.11499817320535066 0.7182648189999207 0.376683788035727
0.9709094474190599 0.315835266610749 0.49427348158989015 0.45017861944593796 0.893296659001042 0.3543630059981152
0.1725430450690888 0.39867833475709347 0.29778015288451376 0.8998535894870134 0.9526706545536228 0.06424548345624759
0.75725198074391 0.4208284651342158 0.5387915544189924 0.0499773060430766 0.7809132783573468 0.26259024942671294
0.9503177891984783 0.8201735566395152 0.010458265880752049 0.7373567797801248 0.21589500099291636 0.4327590221047729
0.7128465348387603 0.24296022670509598 0.6370153539538352 0.48624327886311014 0.03411380120382346 0.9817741966475525
0.29657674191962946 0.648168187763505 0.2823082535031136 0.856719642458016 0.3799092360327646 0.8164168598751214
0.8053637853888481 0.16224536383592691 0.6168772727766259 0.7478562023728793 0.2869271644669018 0.4903820691203934
0.15530682278894337 0.5844155900844559 0.5945532415943227 0.058085780236796 0.4769567615329037 0.5920745870731565
0.9294440098662549 0.30799724579712495 0.5979209279349866 0.02041674553618056 0.3989792386242206 0.6236805654662405
0.782117985617653 0.35920537097219807 0.6962722732809088 0.2301781077610504 0.5981979794037282 0.6830897778266253
0.9379356067677503 0.35559089465216787 0.8480957504268013 0.011106181285805206 0.6411609819644066 0.4745083036517147
0.9397107679782065 0.4383394770252984 0.8536325918044625 0.04414571459995498 0.5428838450124048 0.19564267879467323
0.14007114844684676 0.44187514055574206 0.3824244903509425 0.05915646845017464 0.46160358266948054 0.7421324708223334
0.20886464784836134 0.6106846425279612 0.8396339727851726 0.9633257888405932 0.5722771793060374 0.4726891594294035
0.8932369498705344 0.31748012538633574 0.15349934765174755 0.9381487369595307 0.2584922762431756 0.9839464283732487
0.48105838028681347 0.585693101954778 0.01184707424735465 0.09156013869475377 0.8972088135590527 0.4288784733424006
0.31160246858655183 0.6405182499583473 0.22997563330762572 0.4468777473105985 0.0798851459537282 0.26317589846276424
0.37590487904122394 0.2235370878192826 0.47675775706797907 0.5770471238580672 0.38877376309662204 0.9292243009944235
0.22651489037814343 0.013866105847983201 0.4491337244138943 0.24513861288477745 0.8801417366472597 0.42102290852252566
0.48775170575119864 0.07462437067764882 0.28766744378248044 0.3823115829610231 0.4525164429494082 0.5036022013586444
0.247593483769604 0.503952524273529 0.4880911443445636 0.14667878838246196 0.5591663126183269 0.8366232627784536
0.3134409380962553 0.013457703533745646 0.32707906000478837 0.11086231795619672 0.3131570734296595 0.7497349878926942
0.8179633197004533 0.4622673964802274 0.5217075156724295 0.9737650501108301 0.5919813128682883 0.8582183582607144
0.13388700793185426 0.027331041845359394 0.9254043461049115 0.4886435015616648 0.5550985918084853 0.5170113854398902
0.5302534103057933 0.9488013244636642 0.6939795615846949 0.3705141223263332 0.4282458546442134 0.47785257738401443
0.3895268695379491 0.23221145586987768 0.9572018532333506 0.5397169865897071 0.6080654159969139 0.7607992222832561
0.7039656088971648 0.9186157743938327 0.24091834218977726 0.45227516176057203 0.06766601408936379 0.026622212334733608
0.6599098693866241 0.5453608769802547 0.1564477464688222 0.9995449475595636 0.5608968287348042 0.05351141903533485
0.22020983007941963 0.9635447789364722 0.6571581274251854 0.9239009943678145 0.23896797776989553 0.6264062452973423
0.34830408783446576 0.9409884893837521 0.7186455194149957 0.5682202108285457 0.7553864374561868 0.1893736535796351
0.807065923436303 0.40787979938168195 0.8831169248517103 0.16531688229146047 0.020849166179506384 0.44238677740421395
0.008113912109412813 0.02891039732333045 0.9994600444812912 0.050102063717674894 0.4299999684306892 0.10628495826336459
0.860566993926491 0.24693879044370126 0.722844969244133 0.9004985580789471 0.14259533299572402 0.15468012810356357
0.6036092212821301 0.43210854428864864 0.23474241626507464 0.9371656610398804 0.8974632519061623 0.06917619468774916
0.8465290538175444 0.9974948710815743 0.22176108944956152 0.249469042377229 0.04219705793657047 0.41483088576210303
0.22206930487257892 0.5515345470419785 0.6372309540494917 0.42196685020682345 0.3884763764875282 0.8345303427854214
0.6719019209832544 0.4951479930096704 0.7979004879665845 0.11155045274080355 0.30828141581157675 0.35209503394026476
0.31744067034876944 0.8269460873058511 0.5698647439956718 0.09242120357855965 0.09227261154683175 0.2016777021277456
0.6610064502879696 0.734945989797523 0.2801974583741027 0.3289074988831253 0.7736412382665969 0.1962544874228499
0.7144210325882017 0.25316444644049574 0.5365744775495255 0.646363281199657 0.8425856017796653 0.9117530732391322
0.9094941904144507 0.14146826678105417 0.4873030146133246 0.5073540740329436 0.43252127849381505 0.7711572220655168
0.10008790618397534 0.7530735974425163 0.1001208353043499 0.3925837515329068 0.6455121269382491 0.5634143888238798
0.8301348524015535 0.7630035770887696 0.16749791847231654 0.577553770901709 0.7245544825523813 0.01176710890730226
0.06547444915285305 0.67127247752058 0.39907640940063505 0.3215098372384253 0.46953034762579227 0.8894187852996294
0.9410296637121792 0.20904468602033033 0.4982644378180524 0.5635091758988516 0.36734145449276157 0.034045062894376366
0.10245530293953009 0.18092660397051674 0.37470708497164806 0.2976867904324444 0.42464091632177947 0.8673611554996978
0.7336448079469708 0.019517601642572435 0.36147458927607623 0.2020702174436566 0.5111569063906262 0.31410559612372413
0.7161539422474253 0.8681007819147821 0.026618704572019536 0.20611433073271324 0.05963952970587516 0.5724612443727508
0.39556538310660816 0.7489702960155005 0.8771665276174386 0.1026196480828151 0.677816378349733 0.2853975318305153
0.38195603579328874 0.8914600653799811 0.6418981613257755 0.5840666544857267 0.7816280094470597 0.09186311337171105
0.1986164995551042 0.5898407035000389 0.9513799118556062 0.9050955493130651 0.8795462921359177 0.44498614523527247
0.027666327970175764 0.17680617056757464 0.3791867900382886 0.08263704646085401 0.7976890720339116 0.3103341769465313
0.561468070359682 0.2484821328990272 0.7730851455075124 0.35916331750366637 0.7379248377294327 0.755771313776655
0.5523436422598887 0.9810242814681707 0.36215566824646284 0.13919890315463834 0.9651209022154703 0.5804329366188693
0.9023319276937088 0.42522739664835296 0.9965451565487766 0.4883073100553571 0.11820969774397394 0.31214137202148184
0.5072365304570632 0.9554735197156947 0.525523012037724 0.4033116691773049 0.09596778933911809 0.49380043698628984
0.5018955568808485 0.5487181647284376 0.9203688012363678 0.06291334989825359 0.4606138917678141 0.1992020045152404
0.5354299426599644 0.09807142114833667 0.41002940482312156 0.3549873695987542 0.9621964851449348 0.3113179910939915
0.5201661529275038 0.31291153198231025 0.9800972224597192 0.4128616765632547 0.8005454965584435 0.5350548758056055
0.4863332693465249 0.8468877710468552 0.741493205237086 0.022326031781186306 0.3832200955536449 0.7892153635347461
0.6069097975066731 0.3495714832339767 0.7936663305233799 0.22678108261594931 0.29560290371704534 0.9796151805392378
0.2656022828965592 0.9058342442041962 0.09143481362155004 0.043587350576909656 0.4583237962152149 0.053835995057245456
0.596496211934874 0.2282629418991341 0.9743485057223604 0.6418438355842105 0.42489176988943234 0.06662046176101155
0.3149106211910482 0.5679819278182014 0.7134048941569634 0.5568038173198875 0.46849443303364235 0.370994730972217
0.5418418810083304 0.054547936679884 0.7796967551976075 0.9785306146905262 0.8493471245690898 0.9754269145444223
0.6221998638775577 0.5998844249635545 0.04390914958162262 0.24670811115981794 0.15950169073096332 0.2569179407273974
0.24012880414381232 0.3243818443155372 0.9196247245284699 0.07291432289235955 0.25921468101542955 0.10746633004057027
0.6280758285841418 0.773489775523359 0.16597103481744202 0.22872385057939582 0.6305445303276869 0.9477701072818049
0.7104504485373573 0.43963094002152325 0.08849216667203896 0.5564042865507864 0.2626600338235464 0.8414082108860093
0.43810577841502585 0.3580066757141861 0.40157448778290017 0.289350273855042 0.7203334906943428 0.7069139990857383
0.33130528834965634 0.4470983094814255 0.48755443321456315 0.27198268364965594 0.08438135534822211 0.9398461379453688
0.5684734130180865 0.19765457445976164 0.2483534687954544 0.13207645155868297 0.31794757753178426 0.8670833720971205
